1 10
100 200
201 210
900 1000
1 1
7 27
28 53
54 97
98 129
130 170
210 201
171 231
232 312
313 327
328 648
649 703
704 871
872 1161
1162 2223
2224 2463
2464 2919
2920 3711
3712 6171
6172 10971
10972 13255
13256 17647
17648 23529
23530 26623
26624 34239
34240 35655
35656 52527
52528 77031
77032 106239
106240 113382
113383 113383
113384 142587
142588 156159
156159 216367
216368 230631
230632 410011
410012 511935
511936 626331
626332 837799
837800 113383
113384 133200
1 15 
16 26
27 255
255 446
447 639
640 702
703 1819
1820 4254
4255 4591
4592 9662
9663 20895
20895 26622
26623 31911
31912 60974
60975 77671
77672 113382
113383 138367
138368 159486
159487 270271
270272 665214
225437 999637
515114 513935
514721 767360
879459 75066
912260 188071
449629 611512
888231 326085
686062 215503
875011 494440
291987 578093
984151 62335
772386 677686
10688 589614
75064 803582
10 1
27 7
129  313
1161 2223
410011	511935
775649 643320
294362 354600
717813 71827
314869 676656
866461 865628
937415 936686
620691 620809
99422 100184
568591 569452
860812 861451
447670 447998
516760 516478
955705 955767
660056 659316
135627 332676
482325 936654
649207 144209
226537 276690
306785 642629
895089 850736
690792 697052
450301 774986
999999 1
999999 1000000
1000000 1000000
