1 10
100 200
201 210
900 1000
1 1
7 27
28 53
54 97
98 129
130 170
171 231
232 312
313 327
328 648
649 703
704 871
872 1161
1162 2223
2224 2463
2464 2919
2920 3711
3712 6171
6172 10971
10972 13255
13256 17647
17648 23529
23530 26623
26624 34239
34240 35655
35656 52527
52528 77031
77032 106239
106240 113383
113384 142587
142588 156159
156159 216367
216368 230631
230632 410011
410012 511935
511936 626331
626332 837799
837800 113383
113384 133200
1 15 
27 255
447 639
703 1819
4255 4591,
9663 20895
26623 31911
60975 77671
113383 138367
159487 270271
665215 704511

1042431 1212415,
1441407 1875711
1988859 2643183 
2684647 3041127
3873535 4637979
5656191 9656191
77031.0 230631.0
410011.77 511935.89
1/7 1/4
5/1 10/1
11/2 17/3
-231 -171
-27 7
0 1
1 0
10 1
27 7
129  313
 1161 2223
10971 13255 255
17647 23529 703 871
26623 34239 abcde
abcd ABCD
!@,#$%^)(*&|\/:;)
52527
77031 23,0631
410011	511935
